

===start===
|8191|8191|804|e|
|8190|8190|799|e|
|8190|8191|822|e|
|8191|8191|815|e|
|8190|8191|809|e|
|8190|8191|809|e|
|8191|8191|805|e|
|8190|8191|818|e|
|8190|8191|789|e|
|8191|8191|781|e|
|8191|8191|867|e|
|8191|8191|900|e|
|8191|8190|926|e|
|8191|8190|931|e|
|8191|8190|941|e|
|8190|8191|752|e|
|8191|8191|875|e|
|8190|8190|887|e|
|967|8191|936|e|
|994|8191|887|e|
|1018|8191|868|e|
|1092|8191|913|e|
|1113|8191|896|e|
|1196|8191|910|e|
|1205|8191|916|e|
|1224|8191|907|e|
|1223|8191|917|e|
|1212|8191|912|e|
|1185|8190|918|e|
|1143|965|906|e|
|1125|8191|909|e|
|1079|1013|974|e|
|1001|8190|940|e|
|975|8191|924|e|
|976|8191|902|e|
|8191|8191|31|e|
|8191|8191|25|e|
|8191|8191|26|e|
|8190|8190|8191|e|
|8191|208|8191|e|
|8190|142|8191|e|
|8191|61|77|e|
|8190|47|77|e|
|8190|66|20|e|
|8190|80|52|e|
|8190|100|169|e|
|8190|8191|8191|e|
|8190|8191|8191|e|
|8191|8190|8191|e|
|8190|8190|8191|e|
===start===
|217|28|33|g|
|220|26|32|g|
|220|29|33|g|
|220|30|34|g|
|224|28|34|g|
|221|31|34|g|
|223|31|33|g|
|218|30|34|g|
|214|27|31|g|
|214|28|33|g|
|215|28|32|g|
|215|26|33|g|
|218|26|33|g|
|216|26|33|g|
|214|30|36|g|
|214|27|35|g|
|214|27|35|g|
|211|30|33|g|
|207|28|38|g|
|206|31|33|g|
|208|34|33|g|
|203|32|33|g|
|206|33|34|g|
|209|33|35|g|
|209|30|34|g|
|209|31|33|g|
|207|27|33|g|
|210|31|31|g|
|211|30|34|g|
|206|29|35|g|
|202|34|33|g|
|205|35|35|g|
|209|34|32|g|
|215|34|33|g|
|220|32|33|g|
|217|27|34|g|
|213|33|32|g|
|214|27|32|g|
|215|31|34|g|
|217|30|32|g|
|218|28|33|g|
|227|30|35|g|
|227|29|33|g|
|226|30|32|g|
|228|31|35|g|
|229|31|31|g|
|228|29|34|g|
|229|32|34|g|
|229|32|32|g|
|230|32|32|g|
|230|33|34|g|
|228|34|34|g|
|225|32|32|g|
|227|32|31|g|
|225|34|32|g|
|227|35|33|g|
|230|31|33|g|
|229|32|33|g|
|229|30|31|g|
|229|30|35|g|
|231|30|34|g|
|234|31|31|g|
|234|29|33|g|
|234|31|32|g|
|233|29|32|g|
|236|31|32|g|
|231|31|31|g|
|232|30|33|g|
|225|30|33|g|
|228|33|32|g|
|226|31|33|g|
|229|35|33|g|
|225|35|34|g|
|225|33|31|g|
|225|32|34|g|
|225|29|32|g|
|226|31|32|g|
|225|31|33|g|
|229|33|33|g|
|230|33|33|g|
|230|31|32|g|
|229|31|34|g|
|228|31|34|g|
|228|33|35|g|
|229|32|32|g|
|227|30|31|g|
|228|30|31|g|
|231|32|30|g|
|232|30|33|g|
|231|30|34|g|
|229|31|35|g|
|228|31|35|g|
|230|35|29|g|
|228|33|33|g|
|231|33|32|g|
|230|32|34|g|
|232|32|33|g|
|228|31|35|g|
|231|32|33|g|
|236|34|32|g|
|238|33|33|g|
|231|37|32|g|
|229|39|31|g|
|227|37|33|g|
|232|41|33|g|
|233|40|33|g|
|227|42|33|g|
|228|45|34|g|
|237|43|33|g|
|233|44|33|g|
|237|43|34|g|
|239|44|34|g|
|239|42|32|g|
|236|46|33|g|
|235|44|32|g|
|238|45|30|g|
|238|38|33|g|
|239|41|34|g|
|241|38|33|g|
|239|38|31|g|
|240|39|35|g|
|240|38|33|g|
|236|39|33|g|
|240|40|35|g|
|241|38|36|g|
|241|39|34|g|
|240|41|34|g|
|238|38|31|g|
|240|39|34|g|
|240|36|34|g|
|242|38|31|g|
|240|37|34|g|
|241|37|31|g|
|241|38|35|g|
|241|39|33|g|
|237|39|33|g|
|240|37|33|g|
|241|38|32|g|
|243|43|31|g|
|240|45|35|g|
|241|42|34|g|
|248|42|35|g|
|251|45|32|g|
|250|43|33|g|
|248|44|33|g|
|244|41|33|g|
|243|38|32|g|
|244|36|34|g|
|244|39|34|g|
|245|41|35|g|
|248|40|34|g|
|246|42|33|g|
|249|39|35|g|
|247|38|34|g|
|251|38|33|g|
|254|42|33|g|
|259|45|33|g|
|257|45|32|g|
|259|45|32|g|
|258|44|35|g|
|258|45|33|g|
|258|45|33|g|
|259|45|33|g|
|257|42|33|g|
|255|41|32|g|
|253|40|33|g|
|254|41|33|g|
|253|42|33|g|
|260|40|33|g|
|258|40|33|g|
|252|36|33|g|
|255|36|33|g|
|245|41|33|g|
|246|39|31|g|
|245|37|32|g|
|244|40|35|g|
|248|38|33|g|
|245|38|33|g|
|245|38|33|g|
|240|36|33|g|
|244|39|35|g|
|245|38|34|g|
|243|39|33|g|
|247|39|33|g|
|244|38|34|g|
|245|38|34|g|
|247|38|32|g|
|244|39|34|g|
|245|37|32|g|
|245|39|32|g|
|244|35|33|g|
|249|38|31|g|
|246|38|34|g|
|248|39|33|g|
|243|37|33|g|
|247|38|31|g|
|247|36|32|g|
|244|36|34|g|
|248|36|33|g|
|245|38|34|g|
|251|38|32|g|
|254|37|32|g|
|256|37|32|g|
|256|40|33|g|
|256|38|33|g|
|256|37|34|g|
|254|39|35|g|
|253|37|32|g|
|254|39|32|g|
|252|36|33|g|
|251|36|35|g|
|250|37|32|g|
|250|37|32|g|
|243|35|33|g|
|248|38|32|g|
|246|36|32|g|
|246|37|33|g|
|248|34|31|g|
|248|36|33|g|
|250|38|32|g|
|245|36|32|g|
|250|36|34|g|
|251|37|34|g|
|251|37|33|g|
|248|37|31|g|
|249|37|30|g|
|248|40|34|g|
|251|39|32|g|
|250|41|31|g|
|253|40|32|g|
|250|41|32|g|
|251|41|33|g|
|251|42|29|g|
|257|43|31|g|
|257|46|32|g|
|263|44|35|g|
|266|44|34|g|
|265|45|31|g|
|265|41|31|g|
|265|43|33|g|
|267|40|33|g|
|264|39|32|g|
|263|41|32|g|
|264|40|32|g|
|261|40|33|g|
|263|40|33|g|
|268|39|32|g|
|263|41|31|g|
|264|41|32|g|
|267|38|32|g|
|8191|146|30|l|
|8190|145|31|l|
|8190|147|32|l|
|8190|146|32|l|
|8190|147|30|l|
|8190|145|30|l|
|8190|145|32|l|
|8190|147|31|l|
|8191|146|30|l|
|8190|147|29|l|
|8190|146|31|l|
|8190|145|28|l|
|8190|146|29|l|
|8190|147|31|l|
|8190|145|30|l|
|8190|144|29|l|
|8190|145|27|l|
|8190|145|28|l|
|8190|143|33|l|
|8190|143|28|l|
|8190|144|32|l|
|8190|147|28|l|
|8190|143|31|l|
|8190|144|28|l|
|8190|146|31|l|
|8190|142|28|l|
|8190|144|28|l|
|8190|143|30|l|
|8190|145|30|l|
|8190|144|30|l|
|8190|146|28|l|
|8190|145|32|l|
|8190|146|29|l|
|8190|145|30|l|
|8190|143|31|l|
|8190|144|30|l|
|8190|144|26|l|
|8190|143|32|l|
|8190|144|29|l|
|8190|145|33|l|
|8190|146|32|l|
|8190|144|32|l|
|8190|144|30|l|
|8190|145|30|l|
|8190|143|29|l|
|8190|145|31|l|
|8190|144|32|l|
|8190|144|29|l|
|8190|144|30|l|
|8190|146|28|l|
|8190|143|29|l|
|8190|142|29|l|
|8190|144|29|l|
|8190|143|31|l|
|8190|141|32|l|
|8190|143|30|l|
|8190|143|31|l|
|8190|142|31|l|
|8190|143|32|l|
|8190|142|29|l|
|8190|143|31|l|
|8190|143|31|l|
|8190|144|33|l|
|8190|144|30|l|
|8190|143|32|l|
|8190|145|30|l|
|8190|145|28|l|
|8190|144|29|l|
|8190|145|30|l|
|8190|145|30|l|
|8190|144|30|l|
|8190|144|30|l|
|8190|145|31|l|
|8190|146|31|l|
|8190|145|30|l|
|8190|144|30|l|
|8190|144|31|l|
|8190|145|30|l|
|8190|143|30|l|
|8190|146|31|l|
|8190|143|31|l|
|8190|142|30|l|
|8190|145|30|l|
|8190|144|30|l|
|8190|143|30|l|
|8190|143|28|l|
|8190|145|30|l|
|8190|146|30|l|
|8190|145|31|l|
|8190|145|29|l|
|8190|143|32|l|
|8190|143|29|l|
|8190|142|29|l|
|8190|143|30|l|
|8190|145|29|l|
|8190|143|29|l|
|8190|144|29|l|
|8190|145|29|l|
|8190|143|29|l|
|8190|143|29|l|
|8190|143|29|l|
|8190|143|30|l|
|8190|144|30|l|
|8190|144|28|l|
|8190|143|32|l|
|8190|144|32|l|
|8190|144|29|l|
|8190|143|27|l|
|8190|143|31|l|
|8190|143|29|l|
|8190|144|28|l|
|8190|143|29|l|
|8190|143|29|l|
|8190|144|31|l|
|8190|144|28|l|
|8190|144|32|l|
|8190|143|29|l|
|8190|142|29|l|
|8190|143|28|l|
|8190|145|33|l|
|8190|143|31|l|
|8190|145|29|l|
|8190|145|31|l|
|8190|144|29|l|
|8190|143|30|l|
|8190|147|31|l|
|8190|146|31|l|
|8190|147|31|l|
|8190|145|33|l|
|8190|145|33|l|
|8191|144|30|l|
|8190|148|32|l|
|8190|150|33|l|
|8190|149|32|l|
|8190|151|30|l|
|8190|152|30|l|
|8190|151|32|l|
|8190|153|33|l|
|8190|152|32|l|
|8190|153|31|l|
|8190|150|30|l|
|8190|150|31|l|
|8190|149|32|l|
|8190|149|30|l|
|8190|148|31|l|
|8190|149|31|l|
|8190|149|32|l|
|8190|149|32|l|
|8190|149|31|l|
|8190|149|31|l|
|8190|147|32|l|
|8190|147|32|l|
|8190|147|31|l|
|8190|146|34|l|
|8190|146|32|l|
|8190|147|30|l|
|8190|146|30|l|
|8190|145|30|l|
|8190|146|31|l|
|8190|145|33|l|
|8190|145|31|l|
|8190|145|30|l|
|8190|146|31|l|
|8190|145|29|l|
|8190|145|32|l|
|8190|146|31|l|
|8190|147|30|l|
|8190|145|31|l|
|8190|146|33|l|
|8190|144|30|l|
|8190|146|30|l|
|8190|144|30|l|
|8190|145|30|l|
|8190|146|32|l|
|8190|142|29|l|
|8190|142|32|l|
|8190|140|32|l|
|8190|142|31|l|
|8190|141|30|l|
|8190|142|30|l|
|8190|143|32|l|
|8190|142|33|l|
|8190|144|30|l|
|8190|141|30|l|
|8190|144|31|l|
|8190|144|29|l|
|8190|144|30|l|
|8190|142|30|l|
|8190|143|31|l|
|8190|145|29|l|
|8190|145|30|l|
|8190|145|33|l|
|8190|144|30|l|
|8190|146|31|l|
|8190|146|30|l|
|8190|145|30|l|
|8190|147|32|l|
|8190|143|31|l|
|8190|145|31|l|
|8190|146|30|l|
|8190|147|32|l|
|8190|144|32|l|
|8190|144|30|l|
|8190|143|27|l|
|8190|143|31|l|
|8190|144|30|l|
|8190|145|30|l|
|8190|144|31|l|
|8190|142|30|l|
|8190|141|28|l|
|8190|142|30|l|
|8190|142|31|l|
|8190|142|29|l|
|8190|139|30|l|
|8190|142|29|l|
|8190|141|29|l|
|8190|143|29|l|
|8190|143|31|l|
|8190|143|29|l|
|8190|144|30|l|
|8190|142|28|l|
|8190|144|29|l|
|8190|142|29|l|
|8190|143|31|l|
|8190|143|32|l|
|8190|143|29|l|
|8190|143|31|l|
|8190|143|29|l|
|8190|144|29|l|
|8191|143|32|l|
|8191|137|32|l|
|8191|136|32|l|
|8191|139|32|l|
|8191|139|31|l|
|8191|141|32|l|
|8191|143|30|l|
|8191|144|32|l|
|8190|145|30|l|
|8190|143|33|l|
|8190|145|30|l|
|8190|143|33|l|
|8190|144|31|l|
|8191|143|33|l|
|8190|143|33|l|
|8191|145|31|l|
|8190|147|32|l|
|8190|150|31|l|
|8190|149|32|l|
|8190|149|33|l|
|8190|148|30|l|
|69|21|89|s|
|70|22|89|s|
|59|23|91|s|
|60|23|87|s|
|55|23|87|s|
|23|23|90|s|
|17|25|90|s|
|8|25|92|s|
|20|23|88|s|
|29|24|89|s|
|18|24|88|s|
|25|23|88|s|
|15|23|88|s|
|18|24|86|s|
|16|24|85|s|
|9|24|84|s|
|18|26|86|s|
|11|23|85|s|
|13|26|84|s|
|22|24|87|s|
|12|23|86|s|
|23|24|89|s|
|24|22|86|s|
|22|22|91|s|
|20|22|91|s|
|30|21|89|s|
|45|22|83|s|
|49|22|78|s|
|48|22|93|s|
|47|20|92|s|
|48|21|91|s|
|44|21|93|s|
|43|23|95|s|
|42|20|93|s|
|44|22|94|s|
|44|24|93|s|
|44|21|93|s|
|44|21|92|s|
|46|22|95|s|
|55|20|95|s|
|72|21|93|s|
|69|22|94|s|
|63|21|91|s|
|65|22|93|s|
|70|21|94|s|
|70|22|95|s|
|70|21|94|s|
|64|24|94|s|
|65|24|95|s|
|64|23|95|s|
|72|23|92|s|
|69|23|92|s|
|72|23|93|s|
|73|23|94|s|
|75|22|94|s|
|77|23|94|s|
|83|22|93|s|
|80|22|92|s|
|83|22|93|s|
|78|22|95|s|
|73|21|94|s|
|78|21|94|s|
|78|22|94|s|
|76|22|91|s|
|77|20|94|s|
|79|21|93|s|
|80|23|93|s|
|80|23|93|s|
|80|23|95|s|
|82|22|95|s|
|84|21|94|s|
|81|22|94|s|
|81|22|94|s|
|84|21|94|s|
|83|19|94|s|
|85|21|92|s|
|86|22|95|s|
|86|23|92|s|
|88|22|95|s|
|82|21|96|s|
|80|24|93|s|
|83|22|95|s|
|85|23|94|s|
|85|21|95|s|
|87|24|94|s|
|90|22|94|s|
|95|22|95|s|
|96|22|95|s|
|90|22|94|s|
|95|23|93|s|
|91|23|93|s|
|93|23|94|s|
|94|21|96|s|
|83|21|93|s|
|80|22|94|s|
|79|21|93|s|
|81|20|92|s|
|81|23|95|s|
|85|21|93|s|
|89|21|96|s|
|103|21|94|s|
|99|22|92|s|
|102|23|92|s|
|102|21|91|s|
|96|21|92|s|
|96|20|95|s|
|93|22|93|s|
|89|23|93|s|
|98|20|93|s|
|102|22|93|s|
|99|22|92|s|
|98|21|92|s|
|98|22|92|s|
|101|21|90|s|
|97|21|92|s|
|95|21|92|s|
|95|21|94|s|
|97|22|93|s|
|97|21|92|s|
|95|21|93|s|
|98|22|91|s|
|98|21|92|s|
|98|23|92|s|
|98|21|93|s|
|98|22|94|s|
|98|22|92|s|
|97|22|92|s|
|96|23|93|s|
|99|21|92|s|
|98|21|90|s|
|97|24|92|s|
|99|22|92|s|
|98|22|94|s|
|96|22|92|s|
|97|22|92|s|
|95|21|92|s|
|97|22|95|s|
|88|22|95|s|
|86|22|92|s|
|87|21|93|s|
|87|21|92|s|
|89|22|94|s|
|89|22|91|s|
|89|22|92|s|
|86|21|92|s|
|89|24|93|s|
|90|23|92|s|
|90|22|94|s|
|92|24|90|s|
|93|21|91|s|
|98|22|92|s|
|102|22|92|s|
|98|22|91|s|
|99|23|93|s|
|100|23|92|s|
|97|23|92|s|
|88|22|92|s|
|96|22|92|s|
|110|23|92|s|
|106|23|93|s|
|104|23|93|s|
|106|22|92|s|
|103|23|92|s|
|98|23|91|s|
|111|24|93|s|
|123|22|91|s|
|144|23|91|s|
|136|22|92|s|
|121|23|92|s|
|109|21|92|s|
|106|22|92|s|
|97|22|92|s|
|97|22|91|s|
|121|22|90|s|
|116|23|93|s|
|109|21|93|s|
|107|22|91|s|
|101|20|91|s|
|106|23|90|s|
|116|23|94|s|
|125|22|92|s|
|127|23|91|s|
|130|20|93|s|
|129|24|93|s|
|127|21|93|s|
|130|23|93|s|
|131|23|91|s|
|126|22|93|s|
|124|22|93|s|
|125|21|95|s|
|124|22|93|s|
|126|23|94|s|
|129|20|93|s|
|132|22|94|s|
|129|23|93|s|
|129|21|94|s|
|127|23|93|s|
|126|20|94|s|
|125|22|93|s|
|125|22|94|s|
|119|21|93|s|
|120|23|94|s|
|119|20|93|s|
|119|22|92|s|
|120|21|95|s|
|125|21|91|s|
|122|20|93|s|
|123|20|93|s|
|122|21|93|s|
|120|21|93|s|
|124|23|94|s|
|122|19|94|s|
|122|22|94|s|
|123|20|92|s|
|125|23|91|s|
|126|21|95|s|
|125|22|95|s|
|124|22|92|s|
|122|21|95|s|
|124|21|93|s|
|126|22|92|s|
|126|22|92|s|
|122|23|92|s|
|126|22|93|s|
|123|21|94|s|
|123|21|94|s|
|123|23|95|s|
|123|21|94|s|
|121|21|94|s|
|121|21|93|s|
|119|22|93|s|
|120|22|95|s|
|121|20|91|s|
|122|20|95|s|
|123|22|93|s|
|125|22|93|s|
|122|22|93|s|
|122|21|92|s|
|123|20|93|s|
|119|21|94|s|
|120|20|91|s|
|121|22|95|s|
|120|22|94|s|
|123|21|93|s|
|123|21|95|s|
|121|22|94|s|
|123|21|95|s|
|122|22|94|s|
|124|22|94|s|
|128|20|93|s|
|155|64|32|m|
|151|66|29|m|
|154|65|31|m|
|156|65|29|m|
|160|68|31|m|
|165|66|28|m|
|170|66|30|m|
|174|66|32|m|
|165|66|32|m|
|156|64|33|m|
|157|67|30|m|
|163|68|30|m|
|162|67|29|m|
|169|65|31|m|
|193|65|30|m|
|203|64|30|m|
|203|65|30|m|
|184|65|31|m|
|170|68|30|m|
|141|65|33|m|
|154|64|29|m|
|150|67|30|m|
|153|66|29|m|
|156|66|32|m|
|159|69|30|m|
|159|67|30|m|
|149|68|30|m|
|155|66|29|m|
|156|64|33|m|
|157|65|33|m|
|161|68|31|m|
|166|67|31|m|
|172|66|34|m|
|173|68|31|m|
|182|68|33|m|
|184|66|34|m|
|192|65|33|m|
|186|65|33|m|
|184|65|30|m|
|176|65|31|m|
|171|65|31|m|
|167|67|28|m|
|169|67|29|m|
|171|66|30|m|
|172|65|31|m|
|166|65|32|m|
|168|67|29|m|
|169|66|30|m|
|167|66|32|m|
|166|66|32|m|
|162|65|31|m|
|165|67|35|m|
|168|66|33|m|
|160|66|31|m|
|161|67|33|m|
|164|67|32|m|
|164|66|32|m|
|168|66|32|m|
|164|68|29|m|
|168|67|31|m|
|169|68|33|m|
|169|68|29|m|
|169|64|32|m|
|168|65|31|m|
|167|67|33|m|
|166|65|32|m|
|168|68|28|m|
|171|68|32|m|
|169|67|31|m|
|171|64|33|m|
|169|65|31|m|
|166|67|31|m|
|170|66|33|m|
|168|67|33|m|
|166|62|32|m|
|169|65|32|m|
|168|67|32|m|
|165|68|33|m|
|166|66|33|m|
|167|65|32|m|
|167|65|29|m|
|164|64|32|m|
|165|66|30|m|
|167|64|32|m|
|167|66|31|m|
|166|68|30|m|
|167|66|32|m|
|170|65|30|m|
|174|65|28|m|
|171|66|34|m|
|172|66|32|m|
|168|67|33|m|
|171|66|32|m|
|168|68|28|m|
|172|67|30|m|
|179|65|29|m|
|176|65|30|m|
|175|66|29|m|
|173|65|33|m|
|165|69|29|m|
|163|66|32|m|
|166|67|27|m|
|168|67|30|m|
|167|64|30|m|
|172|66|30|m|
|167|66|28|m|
|169|67|30|m|
|172|65|27|m|
|173|67|29|m|
|168|67|30|m|
|171|66|33|m|
|171|65|31|m|
|171|66|30|m|
|172|66|32|m|
|176|64|33|m|
|177|65|31|m|
|181|68|30|m|
|184|65|30|m|
|184|66|31|m|
|181|65|29|m|
|180|65|27|m|
|182|66|29|m|
|175|65|29|m|
|174|66|28|m|
|174|68|33|m|
|170|66|32|m|
|175|68|31|m|
|175|65|29|m|
|173|65|29|m|
|179|66|30|m|
|172|66|31|m|
|174|64|31|m|
|171|67|31|m|
|172|69|28|m|
|174|68|28|m|
|170|70|29|m|
|172|66|31|m|
|170|66|29|m|
|171|68|33|m|
|172|67|31|m|
|169|69|29|m|
|169|66|31|m|
|166|67|32|m|
|165|65|30|m|
|168|65|35|m|
|171|67|29|m|
|170|68|33|m|
|168|66|29|m|
|166|68|33|m|
|165|64|30|m|
|249|104|19|g|
|267|98|19|g|
|271|94|18|g|
|283|97|19|g|
|282|93|16|g|
|284|95|20|g|
|287|92|17|g|
|278|93|18|g|
|279|97|18|g|
|285|95|16|g|
|292|96|18|g|
|284|95|18|g|
|284|95|19|g|
|288|93|16|g|
|295|94|17|g|
|297|94|17|g|
|300|93|18|g|
|305|96|18|g|
|304|97|18|g|
|304|95|19|g|
|310|94|17|g|
|308|95|17|g|
|306|96|18|g|
|296|95|19|g|
|274|96|19|g|
|270|94|17|g|
|272|96|19|g|
|275|96|18|g|
|275|95|17|g|
|272|95|18|g|
|276|95|17|g|
|276|95|17|g|
|277|95|19|g|
|276|96|16|g|
|275|95|17|g|
|273|95|18|g|
|269|94|18|g|
|263|95|16|g|
|263|98|18|g|
|258|97|19|g|
|258|95|17|g|
|262|95|19|g|
|263|94|17|g|
|276|96|17|g|
|275|96|19|g|
|277|96|17|g|
|278|96|17|g|
|285|94|17|g|
|287|95|18|g|
|286|95|17|g|
|332|90|18|g|
|335|88|18|g|
|334|88|18|g|
|334|89|19|g|
|328|91|20|g|
|326|90|21|g|
|331|90|16|g|
|332|90|17|g|
|332|90|19|g|
|333|89|18|g|
|336|90|17|g|
|337|90|18|g|
|335|89|20|g|
|332|90|20|g|
|333|88|17|g|
|336|88|18|g|
|334|88|20|g|
|341|89|19|g|
|340|88|17|g|
|334|89|15|g|
|334|90|19|g|
|330|88|16|g|
|330|87|19|g|
|333|89|19|g|
|333|89|16|g|
|327|89|18|g|
|334|87|20|g|
|340|90|17|g|
|328|88|18|g|
|334|89|18|g|
|336|89|18|g|
|329|88|17|g|
|324|89|20|g|
|325|87|19|g|
|325|87|15|g|
|326|86|19|g|
|330|88|18|g|
|318|88|18|g|
|333|89|17|g|
|326|88|20|g|
|329|88|18|g|
|322|85|18|g|
|325|85|17|g|
|329|87|19|g|
|333|87|18|g|
|327|86|20|g|
|325|89|19|g|
|320|87|18|g|
|296|84|21|g|
|262|84|19|g|
|232|79|19|g|
|239|77|17|g|
|234|76|19|g|
|234|78|17|g|
|243|83|18|g|
|236|79|19|g|
|235|79|19|g|
|244|84|16|g|
|251|84|21|g|
|248|82|18|g|
|257|82|18|g|
|259|84|18|g|
|261|83|17|g|
|256|86|19|g|
|251|85|16|g|
|256|84|15|g|
|260|86|18|g|
|260|84|18|g|
|261|82|18|g|
|270|82|18|g|
|268|82|19|g|
|268|83|19|g|
|273|83|18|g|
|272|83|17|g|
|270|82|17|g|
|272|82|18|g|
|273|82|18|g|
|277|82|15|g|
|275|83|17|g|
|277|82|16|g|
|274|81|19|g|
|277|83|16|g|
|274|85|20|g|
|275|84|16|g|
|277|82|16|g|
|279|82|16|g|
|276|82|18|g|
|280|83|17|g|
|284|83|19|g|
|286|82|21|g|
|284|85|14|g|
|285|83|15|g|
|288|83|19|g|
|286|83|17|g|
|287|83|18|g|
|286|79|18|g|
|286|82|20|g|
|287|79|17|g|
|286|82|18|g|
|286|82|18|g|
|278|82|18|g|
|280|82|20|g|
|281|82|18|g|
|279|81|19|g|
|283|83|16|g|
|282|83|20|g|
|284|83|19|g|
|281|81|18|g|
|284|82|17|g|
|282|82|17|g|
|281|81|17|g|
|283|82|15|g|
|281|82|20|g|
|280|82|17|g|
|277|81|20|g|
|276|82|20|g|
|281|82|16|g|
|272|85|17|g|
|279|82|17|g|
|276|82|17|g|
|280|82|20|g|
|284|81|19|g|
|285|81|22|g|
|285|81|17|g|
|283|80|19|g|
|284|80|21|g|
|285|83|18|g|
|286|81|21|g|
|289|81|17|g|
|295|82|19|g|
|298|80|20|g|
|298|81|19|g|
|302|81|18|g|
|300|81|18|g|
|304|83|17|g|
|300|83|20|g|
|302|84|18|g|
|299|84|17|g|
|305|82|18|g|
|306|85|19|g|
|305|80|17|g|
|302|83|19|g|
|301|83|19|g|
|302|85|18|g|
|302|85|20|g|
|308|84|16|g|
|301|85|19|g|
|264|86|18|g|
|244|82|18|g|
|239|81|19|g|
|256|80|20|g|
|258|81|18|g|
|257|78|22|g|
|259|78|20|g|
|260|77|18|g|
|260|79|19|g|
|259|81|18|g|
|253|80|19|g|
|260|81|20|g|
|258|80|17|g|
|257|79|20|g|
|252|79|19|g|
|256|79|21|g|
|249|80|21|g|
|253|78|20|g|
|255|77|19|g|
|259|79|19|g|
|262|79|19|g|
|260|79|19|g|
|263|80|20|g|
|266|80|20|g|
|265|79|19|g|
|263|78|19|g|
|259|80|20|g|
|264|80|18|g|
|263|81|18|g|
|260|81|19|g|
|265|80|22|g|
|261|79|20|g|
|257|78|16|g|
|258|79|22|g|
|260|79|16|g|
|260|80|17|g|
|262|79|20|g|
|258|79|22|g|
|260|79|21|g|
|261|81|22|g|
|264|80|18|g|
|269|78|20|g|
|274|79|21|g|
|271|80|21|g|
|269|79|19|g|
|272|79|19|g|
|272|81|17|g|
|268|79|22|g|
|268|79|21|g|
|265|80|19|g|
|268|80|19|g|
|268|79|17|g|
|266|78|18|g|
===start===
|8190|760|315|e|
|8191|768|309|e|
|8190|770|325|e|
|8190|777|302|e|
|8190|763|325|e|
|8190|756|314|e|
|8190|770|307|e|
|8190|757|309|e|
|8190|759|316|e|
|8191|773|314|e|
|8190|773|315|e|
|8190|757|319|e|
|8190|756|319|e|
|8190|755|328|e|
|8190|748|319|e|
|8190|767|306|e|
|8190|773|320|e|
|8190|755|317|e|
|8190|760|313|e|
|8190|773|297|e|
|8190|769|320|e|
|8191|771|308|e|
|8190|783|310|e|
|8191|764|310|e|
|8191|757|309|e|
|8190|742|317|e|
|8190|748|305|e|
|8190|758|310|e|
|8190|752|316|e|
|8190|772|310|e|
|8190|768|306|e|
|8190|754|311|e|
|8190|768|314|e|
|8190|753|312|e|
|8190|745|315|e|
|8190|769|310|e|
|8190|755|318|e|
|8190|773|315|e|
|8190|768|326|e|
|8191|765|315|e|
|8190|770|310|e|
|8190|763|310|e|
|8190|767|320|e|
|8190|773|324|e|
|8191|774|306|e|
|8190|769|302|e|
|8190|766|311|e|
|8190|768|317|e|
|8190|777|310|e|
|8190|772|322|e|
|8190|761|317|e|
|8190|752|329|e|
|8190|762|310|e|
|8190|777|313|e|
|8190|772|306|e|
|8190|759|313|e|
|8190|770|308|e|
|8190|744|307|e|
|8190|734|290|e|
|8190|776|263|e|
|8190|818|317|e|
|8190|820|309|e|
|8190|762|262|e|
|8190|708|317|e|
|8190|748|318|e|
|8190|780|317|e|
|8190|815|335|e|
|8190|814|339|e|
|8191|726|326|e|
|8190|679|313|e|
|8190|723|282|e|
|8190|768|282|e|
|8190|717|273|e|
|8190|699|316|e|
|8191|763|339|e|
|8191|782|364|e|
|8190|751|368|e|
|8191|673|320|e|
|8190|639|309|e|
|8190|707|265|e|
|8191|747|316|e|
|8190|757|8191|e|
|8190|670|8190|e|
|8190|639|335|e|
|8190|665|326|e|
|8191|738|359|e|
|8191|736|419|e|
|8191|717|411|e|
|8191|666|8191|e|
|8191|631|8191|e|
|8190|630|8191|e|
|8190|636|244|e|
|8190|682|271|e|
|8191|746|273|e|
|8190|8190|343|e|
|8191|8191|356|e|
|8191|8191|8191|e|
|8190|737|8191|e|
|8190|665|8190|e|
|8190|612|8191|e|
|8190|633|8191|e|
|8190|647|8191|e|
|8190|676|225|e|
|8190|737|8191|e|
|8190|811|8191|e|
|8191|8191|8191|e|
|8191|8191|8191|e|
|8191|8191|8191|e|
|8191|8191|8191|e|
|8191|8191|8191|e|
|8191|8190|8191|e|
|8191|8190|8191|e|
|8191|8191|8191|e|
|8191|8191|8191|e|
|8190|8191|8191|e|
|8191|8191|357|e|
|8191|8190|8191|e|
|8191|8190|8191|e|
|8191|8191|331|e|
|8191|8191|8191|e|
|8190|8191|8191|e|
|8191|8190|8191|e|
|8191|8191|8191|e|
|8191|8191|8191|e|
|8191|8190|8191|e|
|8191|8191|8191|e|
|8191|8190|8191|e|
|8191|8190|8191|e|
|8191|8191|8191|e|
|8191|8190|8191|e|
|8191|8191|8191|e|
|8191|8191|8191|e|
|8191|8191|8191|e|
|8191|8190|8191|e|
|8191|8191|8191|e|
|8191|8191|8191|e|
|8191|8191|8191|e|
|8191|8190|8191|e|
|8191|8190|8191|e|
|8191|8191|8191|e|
|8191|8191|8191|e|
|8191|8191|8191|e|
|8191|8190|8191|e|
|8191|8191|8191|e|
|8191|8190|8191|e|
|8191|8191|8191|e|
|8191|8191|8191|e|
|8191|8190|8191|e|
|8190|8191|8191|e|
|8191|8191|8191|e|
|8190|750|8191|e|
|8190|657|253|e|
|8190|625|8191|e|
|8190|664|8191|e|
|8191|682|8191|e|
|8191|668|8191|e|
|8191|632|8191|e|
|8190|654|8190|e|
|8190|672|262|e|
|8190|646|8191|e|
|8191|643|322|e|
|8191|667|8191|e|
|8191|663|8191|e|
|8190|637|8191|e|
|8190|642|248|e|
|8190|743|8191|e|
|8191|734|8191|e|
|8190|684|233|e|
|8191|650|337|e|
|8191|704|344|e|
|8191|743|449|e|
|8190|774|465|e|
|8191|768|440|e|
|8191|701|393|e|
|8191|651|8191|e|
|8191|620|8191|e|
|8190|636|260|e|
|8190|668|262|e|
|8190|628|305|e|
|8190|629|334|e|
|8191|660|337|e|
|8191|657|348|e|
|8191|650|326|e|
|8190|621|322|e|
|8190|659|264|e|
|8191|756|8191|e|
|8190|872|8191|e|
|8190|741|8191|e|
|8190|636|8191|e|
|8191|617|8191|e|
|8191|639|8191|e|
|8191|647|8191|e|
|8191|626|8191|e|
|8190|635|8191|e|
|8190|639|8191|e|
|8191|614|8191|e|
|8191|616|8191|e|
|8190|633|8191|e|
|8191|655|8191|e|
|8191|642|8191|e|
|157|73|19|g|
|155|75|19|g|
|153|73|19|g|
|151|72|16|g|
|152|72|19|g|
|152|69|19|g|
|150|70|19|g|
|150|65|21|g|
|148|65|19|g|
|151|64|17|g|
|150|65|18|g|
|151|64|20|g|
|151|65|20|g|
|152|60|18|g|
|154|61|18|g|
|152|62|21|g|
|154|62|18|g|
|154|63|17|g|
|152|62|19|g|
|155|63|19|g|
|154|58|20|g|
|153|58|19|g|
|153|58|19|g|
|155|62|21|g|
|157|59|22|g|
|156|60|20|g|
|152|60|18|g|
|152|59|17|g|
|143|60|20|g|
|144|58|21|g|
|148|57|17|g|
|146|54|18|g|
|144|52|19|g|
|146|53|18|g|
|146|56|19|g|
|142|55|21|g|
|147|54|18|g|
|145|57|17|g|
|147|57|20|g|
|147|54|21|g|
|146|55|18|g|
|146|56|21|g|
|146|53|19|g|
|145|53|19|g|
|144|49|21|g|
|148|48|20|g|
|145|49|19|g|
|146|49|19|g|
|143|46|20|g|
|143|45|19|g|
|146|43|20|g|
|148|42|19|g|
|146|40|18|g|
|148|41|20|g|
|147|40|18|g|
|144|41|19|g|
|143|40|19|g|
|146|38|20|g|
|145|39|18|g|
|146|40|18|g|
|145|41|20|g|
|146|37|18|g|
|146|39|19|g|
|150|40|19|g|
|151|38|21|g|
|151|36|19|g|
|148|38|19|g|
|150|38|19|g|
|149|36|21|g|
|150|34|21|g|
|149|36|17|g|
|150|36|20|g|
|152|37|21|g|
|151|37|20|g|
|149|35|20|g|
|150|35|21|g|
|147|31|22|g|
|149|32|22|g|
|147|34|23|g|
|149|35|16|g|
|152|37|20|g|
|155|36|20|g|
|156|36|19|g|
|158|38|19|g|
|155|35|20|g|
|154|34|20|g|
|155|34|21|g|
|155|36|21|g|
|153|36|21|g|
|154|35|21|g|
|155|34|21|g|
|151|35|24|g|
|154|36|21|g|
|156|38|20|g|
|159|38|20|g|
|159|35|23|g|
|156|36|23|g|
|155|35|21|g|
|155|36|20|g|
|156|35|21|g|
|155|31|23|g|
|156|33|20|g|
|155|33|20|g|
|154|34|22|g|
|153|34|22|g|
|154|34|21|g|
|155|34|21|g|
|153|33|20|g|
|153|33|19|g|
|153|35|20|g|
|153|34|19|g|
|150|34|22|g|
|150|33|21|g|
|155|36|22|g|
|152|35|20|g|
|153|35|20|g|
|150|35|20|g|
|151|35|24|g|
|152|35|23|g|
|154|34|21|g|
|153|35|23|g|
|149|37|19|g|
|151|37|21|g|
|150|35|21|g|
|148|35|21|g|
|148|36|23|g|
|146|35|23|g|
|146|36|21|g|
|146|36|22|g|
|146|36|22|g|
|146|35|22|g|
|143|36|23|g|
|146|36|22|g|
|148|35|21|g|
|147|33|23|g|
|143|34|22|g|
|142|33|22|g|
|144|33|21|g|
|145|35|22|g|
|145|34|23|g|
|144|33|21|g|
|142|34|22|g|
|145|36|21|g|
|145|33|23|g|
|145|34|23|g|
|148|34|23|g|
|146|34|23|g|
|146|32|21|g|
|146|34|20|g|
|147|37|22|g|
|146|34|23|g|
|145|34|23|g|
|145|34|23|g|
|144|34|22|g|
|146|33|23|g|
|146|34|20|g|
|144|30|21|g|
|144|32|21|g|
|147|33|23|g|
|147|32|24|g|
|146|36|22|g|
|145|33|21|g|
|142|32|21|g|
|148|30|22|g|
|146|33|21|g|
|145|31|23|g|
|145|35|23|g|
|141|34|23|g|
|143|32|23|g|
|144|32|23|g|
|142|35|23|g|
|141|35|22|g|
|137|31|25|g|
|139|33|25|g|
|138|30|25|g|
|140|35|24|g|
|143|32|24|g|
|142|38|24|g|
|142|30|23|g|
|145|30|22|g|
|145|31|21|g|
|145|35|23|g|
|146|31|21|g|
|146|30|23|g|
|147|32|21|g|
|143|31|23|g|
|143|31|24|g|
|143|32|23|g|
|142|32|24|g|
|142|32|23|g|
|142|32|25|g|
|142|32|22|g|
|140|33|22|g|
|141|33|23|g|
|141|31|22|g|
|139|33|21|g|
|140|31|22|g|
|140|34|23|g|
|139|33|20|g|
|139|36|21|g|
|152|35|20|g|
|148|29|22|g|
|150|30|23|g|
|152|31|21|g|
|151|33|22|g|
|150|36|22|g|
|150|33|21|g|
|149|33|22|g|
|149|33|22|g|
|152|35|22|g|
|150|33|23|g|
|149|31|22|g|
|147|34|22|g|
|148|34|21|g|
|145|34|25|g|
|145|34|22|g|
|146|34|22|g|
|146|33|21|g|
|148|36|22|g|
|141|34|21|g|
|139|32|21|g|
|145|33|22|g|
|148|34|22|g|
|147|32|23|g|
|146|33|23|g|
|149|35|23|g|
|150|36|22|g|
|150|32|21|g|
|151|37|22|g|
|150|35|17|g|
|153|34|20|g|
|151|34|19|g|
|151|35|18|g|
|149|33|19|g|
|145|33|23|g|
|147|33|22|g|
|147|30|22|g|
|147|30|22|g|
|148|31|20|g|
|146|36|20|g|
|148|34|19|g|
|145|36|21|g|
|140|31|20|g|
|141|32|20|g|
|142|30|22|g|
|145|32|23|g|
|146|31|22|g|
|146|28|20|g|
|144|35|21|g|
|144|35|23|g|
|149|33|20|g|
|150|31|23|g|
|149|34|22|g|
|151|30|22|g|
|149|33|22|g|
|149|33|19|g|
|152|32|19|g|
|151|34|22|g|
|151|33|19|g|
|151|35|21|g|
|149|34|20|g|
|148|33|19|g|
|150|33|21|g|
|148|33|19|g|
|148|34|18|g|
|149|31|19|g|
|150|32|18|g|
|149|34|18|g|
|151|35|19|g|
|147|34|19|g|
|149|32|17|g|
|148|35|16|g|
|150|31|18|g|
|146|31|17|g|
|147|37|17|g|
|149|41|20|g|
|150|31|19|g|
|150|30|19|g|
|152|33|19|g|
|152|34|19|g|
|153|32|20|g|
|152|33|19|g|
|152|34|18|g|
|150|34|17|g|
|150|34|15|g|
|151|35|16|g|
|147|35|16|g|
|148|33|17|g|
|149|34|15|g|
|148|35|16|g|
|149|31|15|g|
|153|32|18|g|
|153|35|15|g|
|151|31|21|g|
|149|29|24|g|
|149|33|21|g|
|149|34|17|g|
|152|34|17|g|
|151|36|19|g|
|150|35|15|g|
|8191|88|23|l|
|8191|92|23|l|
|8191|91|20|l|
|8191|90|21|l|
|8191|92|22|l|
|8191|90|21|l|
|8191|92|21|l|
|8191|92|22|l|
|8191|88|22|l|
|8191|90|22|l|
|8191|91|21|l|
|8191|91|23|l|
|8191|92|22|l|
|8191|92|22|l|
|8191|91|22|l|
|8191|90|21|l|
|8191|93|20|l|
|8191|90|22|l|
|8191|91|23|l|
|8191|92|22|l|
|8191|90|19|l|
|8191|92|23|l|
|8191|90|23|l|
|8191|91|22|l|
|8191|92|20|l|
|8191|91|22|l|
|8191|91|22|l|
|8191|91|21|l|
|8191|92|19|l|
|8191|91|21|l|
|8191|92|20|l|
|8190|92|19|l|
|8191|90|23|l|
|8191|94|19|l|
|8191|91|19|l|
|8191|93|21|l|
|8190|91|22|l|
|8191|90|18|l|
|8191|91|22|l|
|8191|93|21|l|
|8191|92|21|l|
|8191|92|19|l|
|8191|93|18|l|
|8191|92|19|l|
|8191|92|20|l|
|8191|89|21|l|
|8191|92|21|l|
|8191|92|22|l|
|8191|93|21|l|
|8191|89|22|l|
|8191|94|20|l|
|8191|94|20|l|
|8191|93|20|l|
|8191|94|20|l|
|8191|94|19|l|
|8191|92|21|l|
|8191|93|20|l|
|8191|92|22|l|
|8191|93|20|l|
|8191|91|20|l|
|8191|93|22|l|
|8191|93|21|l|
|8191|93|21|l|
|8190|92|18|l|
|8191|92|21|l|
|8191|92|19|l|
|8191|93|19|l|
|8191|95|18|l|
|8191|93|20|l|
|8191|93|17|l|
|8191|94|19|l|
|8190|94|20|l|
|8191|92|18|l|
|8190|91|18|l|
|8191|92|20|l|
|8191|94|20|l|
|8191|93|20|l|
|8191|91|22|l|
|8191|89|18|l|
|8191|92|18|l|
|8191|92|16|l|
|8191|90|19|l|
|8191|89|20|l|
|8191|91|20|l|
|8191|91|16|l|
|8191|90|19|l|
|8191|90|20|l|
|8191|91|20|l|
|8191|92|17|l|
|8191|91|18|l|
|8191|90|18|l|
|8191|92|18|l|
|8191|91|17|l|
|8191|88|19|l|
|8191|92|18|l|
|8191|92|18|l|
|8190|92|19|l|
|8191|94|20|l|
|8191|91|19|l|
|8190|89|20|l|
|8191|91|18|l|
|8191|92|17|l|
|8191|92|19|l|
|8190|93|17|l|
|8191|92|17|l|
|8191|93|18|l|
|8191|92|17|l|
|8191|91|16|l|
|8191|92|21|l|
|8191|92|18|l|
|8191|91|18|l|
|8191|91|19|l|
|8191|91|19|l|
|8191|92|17|l|
|8191|92|17|l|
|8191|92|18|l|
|8191|92|17|l|
|8191|89|21|l|
|8190|90|21|l|
|8191|91|21|l|
|8191|90|18|l|
|8191|89|19|l|
|8191|91|18|l|
|8191|93|18|l|
|8191|91|19|l|
|8191|92|19|l|
|8191|92|19|l|
|8191|91|19|l|
|8191|92|19|l|
|8191|92|18|l|
|8191|90|18|l|
|8191|91|18|l|
|8191|92|17|l|
|8191|90|19|l|
|8191|90|18|l|
|8191|92|18|l|
|8191|91|18|l|
|8191|91|20|l|
|8191|92|20|l|
|8191|93|19|l|
|8191|92|18|l|
|8191|92|18|l|
|8191|92|18|l|
|8191|92|19|l|
|8191|93|18|l|
|8191|92|18|l|
|8191|93|18|l|
|8191|94|17|l|
|8191|94|20|l|
|8191|93|20|l|
|8191|95|18|l|
|8190|93|18|l|
|8191|91|20|l|
|8191|92|22|l|
|8191|92|19|l|
|8191|93|19|l|
|8191|92|21|l|
|8191|93|20|l|
|8191|92|18|l|
|8191|91|21|l|
|8190|92|19|l|
|8191|91|21|l|
|8191|91|19|l|
|8191|91|17|l|
|8191|92|20|l|
|8191|94|19|l|
|8191|91|20|l|
|8191|91|20|l|
|8191|92|18|l|
|8191|92|18|l|
|8191|92|21|l|
|8191|90|21|l|
|8191|91|20|l|
|8191|92|21|l|
|8191|91|20|l|
|8191|92|19|l|
|8191|90|19|l|
|8191|92|19|l|
|8191|93|19|l|
|8191|92|21|l|
|8191|93|19|l|
|8191|90|19|l|
|8191|93|18|l|
|8190|94|18|l|
|8191|91|23|l|
|8191|93|20|l|
|8191|92|19|l|
|8190|91|18|l|
|8191|91|18|l|
|8191|89|17|l|
|8191|90|20|l|
|8191|94|19|l|
|8191|90|20|l|
|8191|91|18|l|
|8191|92|21|l|
|8191|93|17|l|
|8190|95|21|l|
|8191|91|17|l|
|8191|93|17|l|
|8191|90|22|l|
|8191|92|18|l|
|8190|91|20|l|
|8191|92|21|l|
|8190|92|18|l|
|8190|93|18|l|
|8190|92|18|l|
|8190|89|19|l|
|8190|93|17|l|
|8190|90|19|l|
|8190|93|19|l|
|8191|93|19|l|
|8190|92|20|l|
|8190|94|20|l|
|8190|93|18|l|
|8191|92|20|l|
|8191|92|20|l|
|8191|91|18|l|
|8191|89|19|l|
|8191|90|19|l|
|8191|93|18|l|
|8191|92|21|l|
|8191|91|20|l|
|8190|91|17|l|
|8191|91|21|l|
|8191|92|21|l|
|8190|92|20|l|
|8191|92|20|l|
|8191|94|18|l|
|8191|93|20|l|
|8191|92|21|l|
|8191|93|17|l|
|8191|90|19|l|
|8191|91|19|l|
|8191|91|17|l|
|8191|91|17|l|
|8190|92|18|l|
|8191|91|21|l|
|8191|90|19|l|
|8191|91|16|l|
|8191|92|21|l|
|8191|93|20|l|
|8191|91|19|l|
|8191|93|18|l|
|8191|92|19|l|
|8191|92|16|l|
|8191|90|19|l|
|8191|88|20|l|
|8191|89|18|l|
|8191|87|18|l|
|8191|89|19|l|
|27|31|70|s|
|28|29|71|s|
|27|28|70|s|
|13|29|71|s|
|14|30|70|s|
|9|30|69|s|
|11|31|69|s|
|15|30|68|s|
|15|28|71|s|
|15|29|69|s|
|17|31|69|s|
|27|29|69|s|
|36|30|70|s|
|34|29|69|s|
|30|28|68|s|
|14|29|69|s|
|16|29|70|s|
|15|29|68|s|
|28|30|69|s|
|28|28|69|s|
|27|31|69|s|
|30|31|68|s|
|14|33|69|s|
|21|31|69|s|
|18|30|69|s|
|21|30|68|s|
|18|31|69|s|
|23|32|68|s|
|25|30|66|s|
|31|31|68|s|
|29|30|69|s|
|29|30|67|s|
|32|29|68|s|
|41|29|69|s|
|33|29|69|s|
|40|31|68|s|
|34|31|67|s|
|32|30|70|s|
|29|30|69|s|
|30|27|67|s|
|38|31|68|s|
|39|28|68|s|
|40|30|68|s|
|40|31|70|s|
|43|30|67|s|
|43|27|67|s|
|42|30|66|s|
|43|30|66|s|
|43|29|67|s|
|42|31|68|s|
|34|30|67|s|
|32|31|69|s|
|31|30|67|s|
|33|32|66|s|
|31|31|68|s|
|29|30|68|s|
|29|30|67|s|
|31|31|68|s|
|31|29|67|s|
|29|30|69|s|
|31|28|67|s|
|30|30|68|s|
|33|31|69|s|
|34|27|67|s|
|31|30|68|s|
|31|29|67|s|
|33|30|66|s|
|32|28|69|s|
|31|31|65|s|
|32|30|66|s|
|31|27|68|s|
|32|29|67|s|
|31|27|64|s|
|30|29|66|s|
|32|28|67|s|
|31|30|68|s|
|30|31|66|s|
|32|28|66|s|
|30|32|67|s|
|31|32|66|s|
|33|29|67|s|
|32|29|67|s|
|31|29|67|s|
|34|28|66|s|
|33|29|65|s|
|32|31|64|s|
|30|29|67|s|
|32|30|67|s|
|33|31|66|s|
|35|30|66|s|
|32|29|67|s|
|34|31|67|s|
|33|30|66|s|
|31|29|68|s|
|33|30|66|s|
|34|32|65|s|
|34|31|68|s|
|39|30|65|s|
|41|30|66|s|
|35|32|67|s|
|36|29|68|s|
|36|30|67|s|
|33|30|66|s|
|37|31|67|s|
|36|31|67|s|
|36|27|66|s|
|36|29|66|s|
|39|31|66|s|
|42|30|68|s|
|40|29|65|s|
|41|29|68|s|
|40|30|68|s|
|40|30|66|s|
|40|31|65|s|
|41|30|67|s|
|39|29|67|s|
|43|29|65|s|
|42|29|65|s|
|36|28|67|s|
|39|28|65|s|
|36|31|69|s|
|40|30|65|s|
|42|30|68|s|
|42|30|67|s|
|42|28|67|s|
|42|31|67|s|
|41|29|65|s|
|43|31|67|s|
|44|31|66|s|
|43|30|69|s|
|41|29|66|s|
|42|31|67|s|
|41|31|66|s|
|44|29|66|s|
|44|31|64|s|
|44|29|65|s|
|42|31|67|s|
|44|30|67|s|
|46|30|66|s|
|44|30|65|s|
|45|31|66|s|
|46|31|67|s|
|47|31|68|s|
|43|30|66|s|
|45|31|66|s|
|43|31|67|s|
|44|31|67|s|
|44|30|67|s|
|45|30|66|s|
|41|31|64|s|
|44|30|65|s|
|45|29|66|s|
|43|30|68|s|
|44|28|68|s|
|47|27|68|s|
|45|30|65|s|
|45|30|66|s|
|46|30|64|s|
|47|31|66|s|
|45|29|66|s|
|45|28|67|s|
|47|30|67|s|
|46|31|68|s|
|46|29|65|s|
|45|29|64|s|
|45|30|66|s|
|44|30|67|s|
|40|30|65|s|
|40|28|63|s|
|41|29|66|s|
|41|30|67|s|
|41|28|65|s|
|40|30|66|s|
|41|29|67|s|
|43|30|67|s|
|43|31|66|s|
|42|29|66|s|
|43|29|66|s|
|42|30|67|s|
|42|30|66|s|
|43|28|65|s|
|42|28|67|s|
|45|30|67|s|
|45|29|68|s|
|41|29|67|s|
|42|30|65|s|
|44|31|66|s|
|48|31|66|s|
|45|30|66|s|
|43|30|65|s|
|45|30|68|s|
|45|31|64|s|
|44|31|64|s|
|43|29|65|s|
|42|29|65|s|
|41|31|66|s|
|38|31|66|s|
|40|30|67|s|
|42|30|68|s|
|42|31|68|s|
|41|30|66|s|
|42|30|66|s|
|43|30|66|s|
|42|29|66|s|
|40|30|66|s|
|38|30|67|s|
|43|30|67|s|
|37|30|67|s|
|34|31|66|s|
|33|30|66|s|
|31|30|67|s|
|26|30|67|s|
|25|26|67|s|
|27|30|64|s|
|41|31|66|s|
|21|30|66|s|
|28|30|64|s|
|26|30|66|s|
|19|32|65|s|
|28|33|69|s|
|24|31|66|s|
|21|32|68|s|
|21|31|65|s|
|32|31|67|s|
|38|32|64|s|
|34|32|67|s|
|30|33|65|s|
|40|33|66|s|
|25|34|68|s|
|31|33|65|s|
|35|32|64|s|
|36|32|66|s|
|26|31|67|s|
|33|30|65|s|
|29|32|66|s|
|30|30|65|s|
|33|35|66|s|
|35|31|67|s|
|32|32|66|s|
|31|32|64|s|
|33|30|65|s|
|28|30|65|s|
|31|34|65|s|
|18|31|65|s|
|23|34|66|s|
|32|31|65|s|
|31|29|66|s|
|29|33|67|s|
|24|32|66|s|
|16|31|65|s|
|391|61|17|m|
|401|60|19|m|
|383|60|19|m|
|409|59|17|m|
|395|58|17|m|
|383|59|18|m|
|389|57|16|m|
|413|59|18|m|
|391|59|19|m|
|402|57|19|m|
|396|57|18|m|
|372|57|19|m|
|378|57|18|m|
|394|58|17|m|
|409|58|18|m|
|411|60|20|m|
|384|58|18|m|
|394|56|17|m|
|404|58|20|m|
|401|59|17|m|
|400|58|19|m|
|391|58|18|m|
|407|56|19|m|
|391|54|19|m|
|393|60|19|m|
|393|60|17|m|
|377|56|16|m|
|386|58|19|m|
|395|57|19|m|
|385|59|18|m|
|394|59|18|m|
|400|57|20|m|
|401|56|19|m|
|387|59|19|m|
|405|58|17|m|
|389|55|19|m|
|384|54|19|m|
|390|54|18|m|
|397|57|19|m|
|386|56|21|m|
|390|54|19|m|
|384|57|17|m|
|384|56|23|m|
|399|54|18|m|
|392|57|18|m|
|388|57|17|m|
|382|55|17|m|
|401|55|20|m|
|389|56|19|m|
|397|57|18|m|
|387|56|19|m|
|389|55|18|m|
|357|55|18|m|
|368|53|16|m|
|398|54|19|m|
|388|56|19|m|
|378|54|17|m|
|388|56|20|m|
|388|56|20|m|
|380|56|19|m|
|391|56|17|m|
|368|56|17|m|
|381|53|19|m|
|379|54|17|m|
|393|54|18|m|
|380|53|18|m|
|367|54|16|m|
|356|52|20|m|
|385|52|19|m|
|366|53|19|m|
|387|54|19|m|
|404|52|18|m|
|390|52|18|m|
|383|49|17|m|
|379|49|21|m|
|367|48|18|m|
|392|52|18|m|
|399|53|18|m|
|391|54|17|m|
|377|51|16|m|
|390|51|17|m|
|408|50|18|m|
|380|53|18|m|
|393|51|20|m|
|389|53|17|m|
|386|53|18|m|
|392|51|18|m|
|373|52|19|m|
|379|54|18|m|
|383|54|17|m|
|397|52|17|m|
|369|53|19|m|
|379|53|17|m|
|380|52|19|m|
|365|50|16|m|
|380|50|18|m|
|367|50|17|m|
|394|51|17|m|
|364|51|20|m|
|362|50|20|m|
|377|51|17|m|
|365|51|20|m|
|361|50|19|m|
|360|49|17|m|
|368|49|20|m|
|373|50|18|m|
|370|54|20|m|
|370|50|19|m|
|376|50|19|m|
|362|51|17|m|
|356|52|18|m|
|360|55|17|m|
|384|51|19|m|
|364|48|21|m|
|387|48|19|m|
|383|49|20|m|
|397|49|16|m|
|378|49|19|m|
|369|51|17|m|
|368|52|18|m|
|381|52|18|m|
|360|46|16|m|
|358|44|18|m|
|369|44|18|m|
|331|47|17|m|
|342|47|20|m|
|332|47|18|m|
|350|48|19|m|
|347|46|18|m|
|346|46|20|m|
|332|46|19|m|
|340|47|20|m|
|333|45|20|m|
|338|47|19|m|
|345|50|21|m|
|348|46|19|m|
|336|46|18|m|
|341|47|20|m|
|342|47|19|m|
|346|45|21|m|
|346|48|19|m|
|346|46|19|m|
|336|46|18|m|
|334|47|18|m|
|339|44|19|m|
|326|43|21|m|
|342|47|17|m|
|340|44|19|m|
|350|45|19|m|
|339|44|20|m|
|310|43|20|m|
|315|45|20|m|
|313|43|20|m|
|310|42|21|m|
|314|42|18|m|
|317|42|21|m|
|311|40|22|m|
|312|41|22|m|
|310|38|21|m|
|317|41|20|m|
|324|40|21|m|
|321|39|21|m|
|323|40|20|m|
|319|38|20|m|
|318|39|21|m|
|320|40|21|m|
|316|41|21|m|
|312|40|23|m|
|312|42|22|m|
|314|41|20|m|
|318|39|21|m|
|317|40|23|m|
|324|41|21|m|
|312|38|21|m|
|313|39|22|m|
|313|39|20|m|
|313|40|22|m|
|318|41|22|m|
|312|39|22|m|
|309|38|22|m|
|315|36|21|m|
|322|38|20|m|
|346|43|22|m|
|334|38|21|m|
|326|38|24|m|
|322|38|20|m|
|328|39|21|m|
|325|36|21|m|
|322|38|22|m|
|328|38|22|m|
|324|37|19|m|
|322|38|25|m|
|321|36|22|m|
|320|35|22|m|
|323|35|23|m|
|319|38|21|m|
|332|37|21|m|
|318|35|24|m|
|322|34|23|m|
|316|34|21|m|
|189|66|26|g|
|187|65|28|g|
|189|62|27|g|
|189|65|28|g|
|188|62|28|g|
|187|59|28|g|
|186|63|29|g|
|189|65|27|g|
|188|63|29|g|
|186|62|28|g|
|188|62|27|g|
|184|60|25|g|
|183|58|28|g|
|179|54|25|g|
|175|52|26|g|
|174|52|26|g|
|178|53|25|g|
|173|52|25|g|
|173|50|23|g|
|176|51|25|g|
|181|58|23|g|
|184|57|27|g|
|183|59|24|g|
|185|60|24|g|
|182|59|24|g|
|185|51|24|g|
|186|55|24|g|
|190|59|27|g|
|210|81|37|g|
|231|92|41|g|
|257|96|36|g|
|282|107|37|g|
|296|108|36|g|
|291|104|35|g|
|291|100|37|g|
|279|99|37|g|
|267|100|37|g|
|260|99|37|g|
|250|103|38|g|
|231|106|35|g|
|220|107|35|g|
|227|108|36|g|
|228|105|36|g|
|228|102|36|g|
|230|103|35|g|
|229|104|35|g|
|232|103|34|g|
|232|102|36|g|
|233|105|35|g|
|232|105|33|g|
|231|102|33|g|
|230|103|32|g|
|229|103|33|g|
|233|102|32|g|
|231|102|32|g|
|228|102|33|g|
|225|99|33|g|
|224|100|33|g|
|220|102|33|g|
|220|98|32|g|
|219|95|34|g|
|221|94|34|g|
|218|92|34|g|
|215|93|33|g|
|216|92|33|g|
|219|91|33|g|
|213|96|33|g|
|214|91|34|g|
|213|87|34|g|
|207|91|34|g|
|205|88|35|g|
|207|84|33|g|
|212|84|33|g|
|213|83|33|g|
|213|82|32|g|
|214|79|31|g|
|212|81|29|g|
|214|84|29|g|
|215|80|33|g|
|218|82|33|g|
|217|82|32|g|
|222|81|33|g|
|218|83|31|g|
|216|83|32|g|
|216|81|30|g|
|217|83|34|g|
|215|83|32|g|
|218|86|34|g|
|224|85|33|g|
|228|85|32|g|
|222|84|31|g|
|218|84|31|g|
|218|83|31|g|
|218|85|32|g|
|219|84|32|g|
|216|84|30|g|
|217|83|31|g|
|217|82|32|g|
|216|82|31|g|
|219|82|31|g|
|217|80|32|g|
|215|81|32|g|
|218|82|33|g|
|215|81|30|g|
|223|82|31|g|
|222|82|30|g|
|217|81|31|g|
|217|81|32|g|
|220|81|32|g|
|217|80|31|g|
|215|80|29|g|
|213|79|31|g|
|220|80|30|g|
|219|81|28|g|
|215|82|31|g|
|217|80|31|g|
|215|81|30|g|
|216|80|31|g|
|215|79|29|g|
|208|78|31|g|
|211|78|30|g|
|211|80|29|g|
|212|79|31|g|
|213|79|29|g|
|216|80|29|g|
|215|77|32|g|
|216|78|32|g|
|217|78|28|g|
|214|80|30|g|
|216|80|29|g|
|215|78|29|g|
|216|80|30|g|
|213|79|33|g|
|216|77|29|g|
|218|78|27|g|
|213|77|30|g|
|215|76|29|g|
|213|77|30|g|
|213|73|29|g|
|214|76|30|g|
|213|72|30|g|
|213|75|29|g|
|215|73|30|g|
|208|75|29|g|
|209|74|30|g|
|207|73|28|g|
|205|72|28|g|
|208|74|29|g|
|212|76|28|g|
|211|74|28|g|
|206|72|30|g|
|205|73|27|g|
|206|73|28|g|
|206|74|28|g|
|207|75|29|g|
|206|74|29|g|
|209|72|28|g|
|208|74|28|g|
|208|74|28|g|
|209|75|28|g|
|207|72|30|g|
|208|74|28|g|
|207|73|28|g|
|205|71|27|g|
|206|74|28|g|
|205|72|28|g|
|203|69|25|g|
|200|72|27|g|
|203|72|28|g|
|204|73|28|g|
|201|72|28|g|
|201|68|26|g|
|195|70|26|g|
|198|68|27|g|
|200|69|25|g|
|201|69|26|g|
|202|64|26|g|
|198|66|26|g|
|201|66|25|g|
|202|67|27|g|
|201|68|27|g|
|198|65|27|g|
|199|67|25|g|
|198|64|26|g|
|201|63|28|g|
|201|66|26|g|
|201|68|26|g|
|201|68|26|g|
|199|68|27|g|
|197|71|27|g|
|195|70|26|g|
|192|70|25|g|
|191|71|26|g|
|190|67|24|g|
|192|67|24|g|
|190|67|27|g|
|189|67|26|g|
|193|67|25|g|
|194|69|25|g|
|197|71|27|g|
|194|66|26|g|
|193|63|26|g|
|193|64|27|g|
|195|63|25|g|
|194|65|24|g|
|194|67|24|g|
|194|65|26|g|
|194|66|25|g|
|196|64|23|g|
|194|63|24|g|
|194|63|25|g|
|192|63|24|g|
|198|63|24|g|
|197|64|24|g|
|196|66|24|g|
|198|62|24|g|
|198|64|24|g|
|202|65|24|g|
|197|63|27|g|
|197|62|27|g|
|202|63|27|g|
|201|64|25|g|
|200|67|25|g|
|201|65|23|g|
|199|62|27|g|
|200|64|24|g|
|200|62|22|g|
|201|63|25|g|
|200|64|25|g|
|199|63|27|g|
|200|64|25|g|
|200|64|23|g|
|201|65|24|g|
|200|65|23|g|
|199|61|23|g|
|195|61|23|g|
|198|62|24|g|
|201|63|23|g|
|203|63|21|g|
|204|62|23|g|
|206|60|24|g|
|204|63|22|g|
|204|62|23|g|
|204|63|25|g|
|206|60|22|g|
|200|62|24|g|
|192|58|22|g|
|189|57|21|g|
|189|60|21|g|
|189|60|23|g|
===start===
|8191|743|8191|e|
|8190|724|8191|e|
|8190|725|8191|e|
|8191|742|8191|e|
|8190|733|8191|e|
|8190|730|8191|e|
|8190|738|8191|e|
|8191|744|8191|e|
|8190|731|8191|e|
|8190|729|8191|e|
|8190|713|8191|e|
|8190|676|8191|e|
|8190|719|8191|e|
|8190|715|8191|e|
|8190|748|8191|e|
|8190|705|8191|e|
|8190|704|8191|e|
|8190|700|8191|e|
|8190|731|8191|e|
|8191|741|8191|e|
|8191|759|8191|e|
|8190|747|8191|e|
|8190|714|8191|e|
|8190|692|8191|e|
|8191|796|8191|e|
|8190|8191|8191|e|
|8191|8191|8191|e|
|8191|8191|8191|e|
|8190|719|8191|e|
|8190|695|8191|e|
|8190|735|8191|e|
|8190|777|8191|e|
|8191|793|8191|e|
|8191|727|8191|e|
|8190|688|8191|e|
|8190|813|8191|e|
|8191|8190|8191|e|
|8191|8191|8191|e|
|8191|8190|8191|e|
|8190|779|8191|e|
|8190|712|8191|e|
|8190|722|8191|e|
|8191|770|8191|e|
|8190|731|8191|e|
|8190|673|8191|e|
|8191|750|8191|e|
|8191|8191|8191|e|
|8191|8191|8191|e|
|8191|805|8191|e|
|8190|681|8191|e|
|8190|637|8191|e|
|8190|653|8191|e|
|8190|669|8191|e|
|8191|703|8191|e|
|8191|711|498|e|
|8190|8191|585|e|
|8191|8191|558|e|
|8190|8191|561|e|
|8191|8191|562|e|
|8191|8191|566|e|
|8191|8191|582|e|
|8191|1128|610|e|
|8191|1124|682|e|
|8191|1131|682|e|
|8191|8191|591|e|
|8190|8191|599|e|
|8190|740|631|e|
|8191|733|8191|e|
|8190|723|8191|e|
|8191|685|8191|e|
|8190|653|8191|e|
|8190|632|8191|e|
|8190|640|8191|e|
|8190|661|8191|e|
|8190|722|8191|e|
|8190|814|8191|e|
|8191|829|8191|e|
|8191|820|8191|e|
|8190|8191|308|e|
|8191|8191|321|e|
|8191|8191|8191|e|
|8191|8191|8191|e|
|8190|8191|8191|e|
|8191|8191|8191|e|
|8191|836|350|e|
|8191|849|8191|e|
|8191|834|8191|e|
|8191|846|8191|e|
|8191|823|8191|e|
|8191|829|8191|e|
|8191|839|8191|e|
|8190|843|8191|e|
|8191|833|8191|e|
|8190|824|8191|e|
|8190|810|8191|e|
|8190|748|8191|e|
|8190|808|335|e|
|8190|8191|8191|e|
|8190|8191|580|e|
|8190|8191|573|e|
|247|100|25|g enter|
|242|98|26|g enter|
|244|97|22|g enter|
|246|96|23|g enter|
|244|99|25|g enter|
|245|101|23|g enter|
|243|100|23|g enter|
|243|99|22|g enter|
|240|97|24|g enter|
|241|97|25|g enter|
|244|96|23|g enter|
|241|95|23|g enter|
|240|97|25|g enter|
|246|97|24|g enter|
|243|98|23|g enter|
|244|98|24|g enter|
|245|94|24|g enter|
|240|96|25|g enter|
|242|95|24|g enter|
|243|95|24|g enter|
|239|96|23|g enter|
|243|93|26|g enter|
|243|96|24|g enter|
|240|96|22|g enter|
|243|96|23|g enter|
|240|96|24|g enter|
|242|96|24|g enter|
|240|97|25|g enter|
|241|98|25|g enter|
|243|96|25|g enter|
|244|96|24|g enter|
|243|95|24|g enter|
|241|94|24|g enter|
|242|96|25|g enter|
|240|93|23|g enter|
|240|94|27|g enter|
|240|93|25|g enter|
|241|91|27|g enter|
|242|94|25|g enter|
|241|94|26|g enter|
|240|94|26|g enter|
|240|93|26|g enter|
|244|96|25|g enter|
|245|95|25|g enter|
|240|96|24|g enter|
|240|96|23|g enter|
|236|95|26|g enter|
|236|96|23|g enter|
|239|96|26|g enter|
|237|96|24|g enter|
|239|94|22|g|
|235|94|25|g|
|233|94|25|g|
|234|93|27|g|
|231|93|26|g|
|232|93|26|g|
|234|93|26|g|
|236|94|26|g|
|231|92|25|g|
|228|92|25|g|
|237|92|24|g|
|233|90|24|g|
|234|91|23|g|
|233|91|25|g|
|233|93|24|g|
|236|94|25|g|
|232|92|24|g|
|232|93|25|g|
|232|94|22|g|
|233|92|25|g|
|233|92|24|g|
|232|92|27|g|
|229|91|25|g|
|226|92|24|g|
|226|96|24|g|
|222|95|22|g|
|225|96|25|g|
|225|94|26|g|
|229|97|25|g|
|231|95|26|g|
|232|96|26|g|
|232|96|23|g|
|233|97|24|g|
|230|97|24|g|
|230|94|25|g|
|228|96|25|g|
|229|94|24|g|
|231|95|25|g|
|230|96|27|g|
|228|92|27|g|
|233|95|24|g|
|227|94|24|g|
|229|92|25|g|
|226|93|24|g|
|230|94|26|g|
|229|94|24|g|
|228|92|24|g|
|228|92|25|g|
|229|92|25|g|
|228|95|25|g|
|259|149|62|g|
|260|147|65|g|
|258|149|65|g|
|253|149|66|g|
|253|147|66|g|
|253|145|65|g|
|251|145|64|g|
|252|149|63|g|
|254|149|63|g|
|255|147|66|g|
|253|148|66|g|
|254|146|64|g|
|255|149|64|g|
|256|148|62|g|
|256|147|63|g|
|258|146|64|g|
|256|145|63|g|
|254|149|63|g|
|254|148|63|g|
|252|147|65|g|
|252|147|62|g|
|249|145|63|g|
|257|147|62|g|
|251|145|62|g|
|254|146|62|g|
|249|145|61|g|
|249|145|63|g|
|249|144|62|g|
|248|146|61|g|
|248|144|62|g|
|247|146|63|g|
|242|144|60|g|
|247|144|63|g|
|247|142|63|g|
|245|143|61|g|
|245|143|62|g|
|245|142|60|g|
|242|143|63|g|
|246|142|62|g|
|243|143|61|g|
|243|143|61|g|
|241|142|58|g|
|243|141|60|g|
|248|142|61|g|
|244|141|61|g|
|246|142|62|g|
|248|142|62|g|
|248|141|59|g|
|245|141|59|g|
|243|142|59|g|
|262|138|57|g|
|263|140|59|g|
|257|139|58|g|
|256|139|59|g|
|255|139|61|g|
|250|138|58|g|
|256|140|60|g|
|257|140|58|g|
|256|139|60|g|
|258|139|60|g|
|259|139|60|g|
|257|139|59|g|
|260|141|60|g|
|259|139|59|g|
|258|139|60|g|
|257|138|57|g|
|259|140|59|g|
|259|139|58|g|
|258|137|60|g|
|260|138|59|g|
|257|138|59|g|
|255|136|60|g|
|254|139|58|g|
|253|137|57|g|
|251|138|58|g|
|255|140|62|g|
|253|139|56|g|
|252|136|57|g|
|258|135|59|g|
|255|135|59|g|
|254|136|58|g|
|257|136|60|g|
|252|137|60|g|
|252|139|58|g|
|255|138|58|g|
|251|139|57|g|
|253|137|58|g|
|251|139|57|g|
|253|138|58|g|
|256|136|58|g|
|250|136|57|g|
|254|135|58|g|
|252|136|60|g|
|254|136|59|g|
|252|137|59|g|
|254|136|57|g|
|250|136|58|g|
|252|135|58|g|
|252|138|58|g|
|254|137|56|g|
|298|196|119|g|
|306|194|118|g|
|302|196|119|g|
|299|196|121|g|
|303|193|118|g|
|305|194|120|g|
|297|192|119|g|
|300|191|118|g|
|298|190|120|g|
|299|192|118|g|
|300|190|119|g|
|301|188|118|g|
|299|187|118|g|
|293|187|117|g|
|292|187|117|g|
|292|186|116|g|
|292|187|117|g|
|292|188|119|g|
|295|187|116|g|
|291|189|115|g|
|293|188|117|g|
|294|187|117|g|
|295|187|117|g|
|292|187|116|g|
|293|186|117|g|
|296|188|117|g|
|297|189|119|g|
|297|189|117|g|
|294|186|118|g|
|298|186|118|g|
|297|188|117|g|
|298|187|116|g|
|294|187|117|g|
|298|187|116|g|
|299|187|116|g|
|293|186|115|g|
|297|186|118|g|
|294|187|118|g|
|296|187|118|g|
|296|185|117|g|
|296|186|119|g|
|298|186|117|g|
|297|188|114|g|
|298|184|116|g|
|297|184|116|g|
|295|186|117|g|
|295|187|119|g|
|293|187|117|g|
|297|184|117|g|
|293|183|117|g|
|8190|127|14|l|
|8190|125|18|l|
|8190|123|21|l|
|8190|124|18|l|
|8190|124|20|l|
|8190|124|19|l|
|8190|124|19|l|
|8190|124|21|l|
|8190|124|20|l|
|8190|125|21|l|
|8190|126|19|l|
|8190|123|18|l|
|8190|122|18|l|
|8190|122|18|l|
|8190|123|19|l|
|8190|123|18|l|
|8190|124|18|l|
|8190|124|19|l|
|8190|124|17|l|
|8190|124|20|l|
|8190|123|20|l|
|8190|125|18|l|
|8190|123|19|l|
|8190|126|19|l|
|8190|124|15|l|
|8190|122|20|l|
|8190|122|19|l|
|8190|122|20|l|
|8190|126|18|l|
|8190|125|20|l|
|8190|122|20|l|
|8190|124|21|l|
|8190|124|17|l|
|8190|125|21|l|
|8190|124|18|l|
|8190|124|20|l|
|8190|124|18|l|
|8190|124|18|l|
|8190|124|19|l|
|8190|124|20|l|
|8190|124|20|l|
|8190|126|20|l|
|8190|124|21|l|
|8190|125|20|l|
|8190|125|22|l|
|8190|123|17|l|
|8190|124|16|l|
|8190|124|21|l|
|8190|124|18|l|
|8190|124|18|l|
|8190|124|18|l|
|8190|124|20|l|
|8190|124|20|l|
|8190|124|21|l|
|8190|122|18|l|
|8190|122|18|l|
|8190|124|22|l|
|8190|125|21|l|
|8190|124|22|l|
|8190|124|17|l|
|8190|124|20|l|
|8190|124|22|l|
|8190|122|19|l|
|8190|125|22|l|
|8190|124|19|l|
|8190|125|20|l|
|8190|124|18|l|
|8190|125|22|l|
|8190|125|18|l|
|8190|123|19|l|
|8190|124|25|l|
|8190|127|22|l|
|8190|124|21|l|
|8190|123|20|l|
|8191|122|19|l|
|8190|123|19|l|
|8190|124|17|l|
|8190|124|23|l|
|8190|123|21|l|
|8190|124|19|l|
|8190|124|18|l|
|8190|123|24|l|
|8190|124|19|l|
|8190|123|20|l|
|8190|123|20|l|
|8190|125|17|l|
|8190|124|16|l|
|8190|126|20|l|
|8190|125|19|l|
|8190|123|21|l|
|8190|127|19|l|
|8190|125|23|l|
|8190|124|22|l|
|8190|124|22|l|
|8190|124|21|l|
|8190|123|21|l|
|8190|122|19|l|
|8190|124|21|l|
|8190|123|18|l|
|8190|123|19|l|
|8190|124|19|l|
|8190|124|18|l|
|8190|123|19|l|
|8190|124|19|l|
|8190|123|16|l|
|8190|123|20|l|
|8190|123|19|l|
|8190|124|22|l|
|8190|122|20|l|
|8190|124|21|l|
|8190|123|18|l|
|8190|123|20|l|
|8190|124|17|l|
|8190|124|18|l|
|8190|125|18|l|
|8190|125|22|l|
|8190|124|20|l|
|8190|124|18|l|
|8190|127|19|l|
|8190|125|23|l|
|8190|124|25|l|
|8190|125|20|l|
|8190|124|18|l|
|8190|123|18|l|
|8190|125|18|l|
|8190|123|20|l|
|8190|123|21|l|
|8190|124|21|l|
|8190|123|19|l|
|8190|123|18|l|
|8190|124|19|l|
|8190|123|21|l|
|8190|122|21|l|
|8190|123|21|l|
|8190|122|21|l|
|8190|124|19|l|
|8190|125|22|l|
|8190|125|22|l|
|8190|124|21|l|
|8190|126|19|l|
|8190|124|20|l|
|8190|124|19|l|
|8190|124|19|l|
|8190|125|19|l|
|8190|123|19|l|
|8190|124|18|l|
|8190|123|20|l|
|8190|123|20|l|
|8190|124|19|l|
|8190|123|22|l|
|8190|124|18|l|
|8190|124|19|l|
|8190|126|17|l|
|8190|124|20|l|
|8190|122|18|l|
|8190|123|19|l|
|8190|124|19|l|
|8190|124|18|l|
|8190|125|18|l|
|8190|123|23|l|
|8190|124|20|l|
|8190|124|20|l|
|8190|125|21|l|
|8190|124|20|l|
|8190|126|20|l|
|8190|124|20|l|
|8190|124|19|l|
|8190|123|19|l|
|8190|125|19|l|
|8190|125|19|l|
|8190|123|21|l|
|8190|124|20|l|
|8190|123|20|l|
|8190|126|23|l|
|8190|122|21|l|
|8190|124|19|l|
|8190|124|24|l|
|8190|124|20|l|
|8190|123|17|l|
|8190|123|24|l|
|8190|124|20|l|
|8190|125|21|l|
|8190|126|24|l|
|8190|126|19|l|
|8190|125|21|l|
|8190|123|19|l|
|8190|123|18|l|
|8190|124|21|l|
|8190|125|20|l|
|8190|124|20|l|
|8190|124|20|l|
|8190|123|19|l|
|8190|123|19|l|
|8190|123|18|l|
|8190|123|19|l|
|8190|124|18|l|
|8190|124|23|l|
|8190|124|17|l|
|8190|122|20|l|
|8190|123|22|l|
|8190|123|19|l|
|8190|123|19|l|
|8190|125|20|l|
|8190|123|20|l|
|8190|122|21|l|
|8190|123|20|l|
|8190|122|20|l|
|8190|123|21|l|
|8190|122|21|l|
|8190|125|19|l|
|8190|124|21|l|
|8190|123|20|l|
|8190|121|19|l|
|8190|122|19|l|
|8190|125|18|l|
|8190|123|21|l|
|8190|123|19|l|
|8190|124|20|l|
|8190|125|20|l|
|8190|122|20|l|
|8190|121|19|l|
|8190|123|20|l|
|8190|123|21|l|
|8190|123|19|l|
|8190|123|20|l|
|8190|125|22|l|
|8190|121|20|l|
|8190|122|18|l|
|8190|123|23|l|
|8190|124|21|l|
|8190|122|20|l|
|8190|124|21|l|
|8190|121|24|l|
|8190|121|23|l|
|8190|124|19|l|
|8190|125|23|l|
|8190|123|19|l|
|8190|124|19|l|
|8190|123|19|l|
|8190|123|18|l|
|8190|124|19|l|
|8190|124|20|l|
|8190|123|21|l|
|8190|124|21|l|
|8190|125|20|l|
|8190|123|19|l|
|8190|124|21|l|
|8190|123|21|l|
|8190|122|20|l|
|8190|123|23|l|
|19|47|93|s|
|28|47|94|s|
|28|48|93|s|
|27|47|95|s|
|26|45|94|s|
|28|48|96|s|
|25|47|95|s|
|28|47|94|s|
|29|47|93|s|
|30|47|93|s|
|26|47|95|s|
|16|47|95|s|
|12|47|92|s|
|10|46|92|s|
|13|46|95|s|
|15|48|94|s|
|13|47|94|s|
|15|44|93|s|
|11|45|93|s|
|14|46|95|s|
|10|47|94|s|
|13|47|95|s|
|23|47|95|s|
|17|46|94|s|
|14|46|95|s|
|12|46|94|s|
|13|45|95|s|
|14|46|95|s|
|17|46|93|s|
|21|46|96|s|
|24|46|94|s|
|22|48|94|s|
|21|46|97|s|
|20|45|94|s|
|19|46|91|s|
|19|46|95|s|
|25|45|95|s|
|21|46|96|s|
|15|46|96|s|
|16|45|96|s|
|16|45|96|s|
|14|44|97|s|
|15|46|98|s|
|15|43|97|s|
|26|44|99|s|
|25|43|97|s|
|18|45|97|s|
|44|45|97|s|
|27|46|96|s|
|24|46|97|s|
|22|43|98|s|
|22|44|99|s|
|53|45|98|s|
|54|45|97|s|
|52|44|97|s|
|53|45|98|s|
|52|43|97|s|
|50|43|96|s|
|45|44|97|s|
|36|45|97|s|
|29|44|96|s|
|25|43|97|s|
|21|43|96|s|
|19|43|99|s|
|27|43|97|s|
|24|47|99|s|
|25|45|95|s|
|25|45|98|s|
|29|46|98|s|
|29|44|98|s|
|26|46|98|s|
|20|45|97|s|
|18|44|96|s|
|21|45|99|s|
|20|45|99|s|
|17|46|97|s|
|17|44|99|s|
|16|44|98|s|
|15|45|97|s|
|20|44|97|s|
|23|44|98|s|
|21|44|100|s|
|22|44|99|s|
|21|45|98|s|
|18|46|98|s|
|21|46|97|s|
|23|45|98|s|
|21|45|97|s|
|20|44|97|s|
|22|44|100|s|
|17|44|97|s|
|18|43|98|s|
|25|45|99|s|
|24|45|95|s|
|30|44|96|s|
|46|45|97|s|
|36|45|97|s|
|34|44|96|s|
|34|45|97|s|
|34|44|97|s|
|57|44|99|s|
|52|45|99|s|
|52|45|97|s|
|48|43|99|s|
|36|43|96|s|
|28|43|95|s|
|31|44|98|s|
|23|46|99|s|
|14|45|97|s|
|14|46|97|s|
|14|45|97|s|
|31|46|97|s|
|31|46|97|s|
|33|47|96|s|
|38|45|98|s|
|39|45|98|s|
|39|46|98|s|
|39|47|97|s|
|46|44|97|s|
|49|46|97|s|
|35|44|96|s|
|47|46|98|s|
|71|44|97|s|
|67|44|98|s|
|65|45|96|s|
|36|46|97|s|
|32|44|97|s|
|45|44|97|s|
|44|43|98|s|
|40|44|98|s|
|37|45|98|s|
|43|44|99|s|
|42|44|98|s|
|41|46|100|s|
|41|46|98|s|
|41|44|99|s|
|39|47|98|s|
|40|45|97|s|
|42|48|96|s|
|41|44|96|s|
|43|45|98|s|
|43|46|97|s|
|42|45|99|s|
|44|46|100|s|
|43|44|98|s|
|40|47|98|s|
|42|45|97|s|
|40|47|97|s|
|42|47|97|s|
|37|48|98|s|
|30|45|96|[A[Bs|
|31|45|98|[A[Bs|
|33|45|98|[A[Bs|
|49|43|97|[A[Bs|
|46|43|97|[A[Bs|
|28|43|97|[A[Bs|
|30|47|96|[A[Bs|
|29|45|98|[A[Bs|
|23|45|99|[A[Bs|
|23|47|98|[A[Bs|
|24|45|98|[A[Bs|
|25|44|97|[A[Bs|
|33|45|97|[A[Bs|
|29|45|97|[A[Bs|
|31|43|98|[A[Bs|
|30|45|97|[A[Bs|
|30|45|97|[A[Bs|
|30|45|97|[A[Bs|
|31|45|98|[A[Bs|
|28|44|97|[A[Bs|
|28|47|97|[A[Bs|
|26|45|97|[A[Bs|
|25|45|98|[A[Bs|
|28|44|98|[A[Bs|
|27|45|96|[A[Bs|
|32|46|98|[A[Bs|
|32|45|96|[A[Bs|
|42|45|99|[A[Bs|
|42|47|97|[A[Bs|
|34|47|97|[A[Bs|
|40|47|99|[A[Bs|
|32|47|99|[A[Bs|
|35|47|97|[A[Bs|
|37|46|97|[A[Bs|
|29|47|97|[A[Bs|
|27|46|95|[A[Bs|
|31|45|100|[A[Bs|
|29|45|97|[A[Bs|
|28|44|98|[A[Bs|
|24|46|100|[A[Bs|
|28|46|97|[A[Bs|
|28|48|96|[A[Bs|
|28|47|98|[A[Bs|
|24|47|98|[A[Bs|
|21|46|97|[A[Bs|
|30|44|97|[A[Bs|
|25|43|98|[A[Bs|
|27|46|100|[A[Bs|
|31|45|99|[A[Bs|
|20|45|100|[A[Bs|
|28|43|97|s|
|27|44|100|s|
|20|44|98|s|
|16|46|101|s|
|22|45|98|s|
|20|44|100|s|
|28|47|100|s|
|26|43|100|s|
|37|44|97|s|
|31|46|98|s|
|34|45|99|s|
|39|45|99|s|
|44|45|100|s|
|17|45|96|s|
|27|44|99|s|
|29|44|99|s|
|32|45|99|s|
|33|43|99|s|
|30|45|97|s|
|29|44|100|s|
|19|43|97|s|
|30|44|100|s|
|25|44|98|s|
|27|43|99|s|
|25|43|99|s|
|25|44|99|s|
|26|43|97|s|
|26|44|98|s|
|25|44|101|s|
|26|43|99|s|
|27|42|100|s|
|25|43|98|s|
|25|44|99|s|
|26|44|101|s|
|23|45|98|s|
|25|44|97|s|
|24|44|99|s|
|25|43|98|s|
|21|43|97|s|
|18|44|99|s|
|19|44|99|s|
|16|43|98|s|
|25|45|99|s|
|23|43|99|s|
|20|43|98|s|
|13|44|96|s|
|16|44|98|s|
|15|44|99|s|
|19|46|98|s|
|13|44|98|s|
|450|105|22|m|
|426|106|19|m|
|8191|106|22|m|
|8191|104|21|m|
|8191|108|22|m|
|8191|104|21|m|
|8191|106|20|m|
|8191|104|22|m|
|8191|103|22|m|
|8191|105|21|m|
|8191|102|22|m|
|8191|102|20|m|
|8191|103|19|m|
|8191|105|23|m|
|8191|102|19|m|
|8191|103|19|m|
|8191|104|17|m|
|8191|104|20|m|
|8191|105|19|m|
|8191|104|18|m|
|8191|105|22|m|
|8191|105|19|m|
|8191|106|21|m|
|8191|104|21|m|
|8191|105|18|m|
|8191|104|20|m|
|8191|102|21|m|
|8191|104|24|m|
|8191|104|20|m|
|8191|102|21|m|
|8191|105|19|m|
|8191|103|16|m|
|8191|103|23|m|
|8191|103|21|m|
|8191|102|19|m|
|8191|105|19|m|
|8191|103|22|m|
|8191|104|20|m|
|8191|104|18|m|
|8191|104|19|m|
|8191|103|21|m|
|8191|102|20|m|
|453|101|20|m|
|8191|104|19|m|
|8191|103|19|m|
|8191|104|20|m|
|8191|103|18|m|
|8191|105|24|m|
|8191|104|21|m|
|8191|103|17|m|
|390|105|20|m|
|412|106|20|m|
|436|106|22|m|
|437|104|21|m|
|407|106|19|m|
|436|105|20|m|
|435|107|20|m|
|413|103|20|m|
|422|103|21|m|
|418|103|17|m|
|431|102|19|m|
|414|102|19|m|
|407|101|20|m|
|397|103|18|m|
|427|102|22|m|
|8191|101|18|m|
|429|103|19|m|
|8191|102|19|m|
|422|103|20|m|
|427|101|22|m|
|431|104|20|m|
|411|103|20|m|
|418|103|22|m|
|423|103|20|m|
|404|103|19|m|
|409|104|19|m|
|418|102|19|m|
|414|102|19|m|
|410|104|18|m|
|8191|102|18|m|
|411|104|19|m|
|423|103|19|m|
|8191|103|18|m|
|8191|103|20|m|
|8191|103|20|m|
|8191|102|19|m|
|8191|103|21|m|
|8191|103|19|m|
|8191|103|19|m|
|8191|101|17|m|
|433|99|18|m|
|437|101|19|m|
|406|99|18|m|
|399|102|20|m|
|402|101|19|m|
|380|101|18|m|
|394|100|19|m|
|413|102|21|m|
|397|101|20|m|
|393|102|18|m|
|8191|103|19|m|
|8191|103|20|m|
|8191|101|16|m|
|8191|101|19|m|
|416|102|18|m|
|428|102|19|m|
|8191|102|21|m|
|8191|103|17|m|
|399|101|20|m|
|8191|102|20|m|
|457|100|19|m|
|8191|99|17|m|
|457|102|18|m|
|445|100|20|m|
|440|100|16|m|
|444|101|19|m|
|8191|101|18|m|
|442|102|20|m|
|8191|99|17|m|
|462|101|19|m|
|8191|102|18|m|
|438|99|19|m|
|442|99|18|m|
|8191|100|20|m|
|423|100|22|m|
|465|101|19|m|
|475|101|21|m|
|450|99|20|m|
|459|99|20|m|
|435|101|19|m|
|456|100|20|m|
|8191|101|18|m|
|8191|99|18|m|
|8191|100|19|m|
|8191|100|19|m|
|8191|101|18|m|
|8191|101|20|m|
|483|101|20|m|
|8191|101|19|m|
|8191|100|17|m|
|8191|102|19|m|
|8191|100|19|m|
|8191|99|17|m|
|8191|100|18|m|
|8191|101|19|m|
|8191|100|21|m|
|8191|101|18|m|
|8191|99|17|m|
|8191|102|18|m|
|8191|100|19|m|
|257|97|20|g|
|258|99|19|g|
|255|100|19|g|
|255|99|18|g|
|258|99|16|g|
|251|97|19|g|
|253|99|18|g|
|251|96|18|g|
|252|99|18|g|
|253|98|17|g|
|248|98|19|g|
|246|98|17|g|
|242|102|17|g|
|236|100|19|g|
|235|95|19|g|
|228|84|18|g|
|234|80|17|g|
|233|99|19|g|
|233|99|17|g|
|235|98|15|g|
|233|101|17|g|
|232|99|18|g|
|232|99|17|g|
|232|98|17|g|
|231|97|16|g|
|230|99|19|g|
|233|97|18|g|
|233|98|16|g|
|236|96|20|g|
|235|97|19|g|
|235|99|21|g|
|239|97|20|g|
|236|100|21|g|
|235|99|18|g|
|235|97|17|g|
|238|98|17|g|
|235|97|16|g|
|233|97|18|g|
|234|98|21|g|
|236|97|19|g|
|232|98|18|g|
|236|95|20|g|
|233|96|18|g|
|232|95|16|g|
|234|98|19|g|
|236|97|19|g|
|235|96|20|g|
|236|99|18|g|
|235|97|18|g|
|234|98|19|g|
|238|93|18|g|
|234|95|18|g|
|239|96|18|g|
|237|94|19|g|
|240|94|19|g|
|238|95|19|g|
|239|94|17|g|
|237|95|20|g|
|235|92|18|g|
|239|93|21|g|
|236|93|16|g|
|241|92|20|g|
|239|91|18|g|
|239|93|19|g|
|241|94|19|g|
|240|93|22|g|
|241|95|20|g|
|241|93|18|g|
|241|92|18|g|
|240|92|19|g|
|239|93|20|g|
|237|93|21|g|
|235|94|19|g|
|240|93|22|g|
|239|95|21|g|
|237|93|17|g|
|234|94|18|g|
|239|92|19|g|
|240|92|20|g|
|240|92|21|g|
|240|95|18|g|
|240|94|16|g|
|241|93|17|g|
|240|93|18|g|
|243|94|19|g|
|241|94|21|g|
|239|92|19|g|
|241|92|16|g|
|241|94|16|g|
|243|92|18|g|
|244|92|18|g|
|241|93|18|g|
|242|92|19|g|
|239|92|20|g|
|241|92|20|g|
|244|91|19|g|
|240|92|19|g|
|243|91|18|g|
|244|93|20|g|
|242|92|18|g|
|240|90|20|g|
|244|92|20|g|
|242|92|18|g|
|241|93|17|g|
|238|90|19|g|
|237|92|19|g|
|232|92|21|g|
|234|93|20|g|
|236|93|21|g|
|239|93|22|g|
|238|92|19|g|
|239|92|21|g|
|240|92|20|g|
|242|93|18|g|
|243|94|19|g|
|241|92|21|g|
|242|91|18|g|
|240|92|20|g|
|242|91|16|g|
|242|90|17|g|
|240|93|20|g|
|241|92|20|g|
|240|93|18|g|
|240|92|19|g|
|243|92|18|g|
|242|90|20|g|
|239|93|20|g|
|241|89|22|g|
|242|93|19|g|
|243|90|20|g|
|240|91|20|g|
|241|92|21|g|
|240|92|19|g|
|243|91|19|g|
|245|90|18|g|
|244|89|19|g|
|242|89|20|g|
|243|90|19|g|
|243|89|20|g|
|243|91|22|g|
|244|91|20|g|
|241|89|20|g|
|240|90|17|g|
|244|90|21|g|
|243|91|18|g|
|243|92|15|g|
|245|89|19|g|
|245|91|21|g|
|244|92|20|g|
|242|90|18|g|
|248|91|19|g|
|245|93|19|g|
|242|94|23|g|
|245|92|18|g|
|246|90|20|g|
|247|91|20|g|
|244|92|19|g|
|242|90|17|g|
|244|92|17|g|
|241|92|22|g|
|246|92|20|g|
|245|91|20|g|
|246|93|21|g|
|245|93|18|g|
|247|91|19|g|
|245|92|20|g|
|244|92|20|g|
|245|91|23|g|
|245|92|18|g|
|244|92|23|g|
|247|92|22|g|
|248|92|22|g|
|245|90|23|g|
|244|91|20|g|
|245|93|21|g|
|246|93|17|g|
|245|90|19|g|
|246|92|22|g|
|246|93|19|g|
|244|92|21|g|
|247|92|20|g|
|244|92|18|g|
|243|93|23|g|
|245|92|22|g|
|244|94|22|g|
|244|92|22|g|
|243|92|18|g|
|245|91|20|g|
|245|92|15|g|
|244|91|19|g|
|247|90|23|g|
|248|92|18|g|
|244|90|20|g|
|246|93|18|g|
|244|91|20|g|
|244|92|20|g|
|248|92|20|g|
|246|92|19|g|
|245|93|20|g|
|244|92|22|g|
|249|92|21|g|
|249|91|22|g|
|244|93|20|g|
|246|92|18|g|
|247|91|20|g|
|248|91|19|g|
|249|90|16|g|
|246|92|17|g|
|246|92|23|g|
|246|91|19|g|
|246|91|20|g|
|249|92|19|g|
|246|93|19|g|
|249|93|19|g|
|247|93|19|g|
|249|92|20|g|
|246|93|22|g|
|244|92|20|g|
|246|94|21|g|
|245|92|19|g|
|247|94|20|g|
|246|93|20|g|
|245|93|19|g|
|246|94|19|g|
|243|92|18|g|
|244|92|21|g|
|246|92|20|g|
|246|91|22|g|
|245|91|20|g|
|245|91|20|g|
|245|94|19|g|
|244|92|20|g|
|248|91|20|g|
|251|94|17|g|
|254|93|17|g|
|250|92|19|g|
|244|91|20|g|
|247|92|21|g|
|246|93|19|g|
|245|91|19|g|
|244|92|18|g|
|246|91|21|g|
|246|94|21|g|
|247|92|19|g|
|246|92|18|g|
|244|92|22|g|
|248|91|20|g|
|245|93|20|g|
|245|92|19|g|
|244|92|19|g|
===start===
|21|52|25|[Ag|
|21|53|23|[Ag|
|21|54|25|[Ag|
|21|51|23|[Ag|
|24|53|25|[Ag|
|17|54|26|[Ag|
|21|52|26|[Ag|
|21|54|24|[Ag|
|18|55|25|[Ag|
|16|54|24|[Ag|
|22|52|22|[Ag|
|19|52|22|[Ag|
|19|52|25|[Ag|
|17|52|24|[Ag|
|16|54|24|[Ag|
|14|55|23|[Ag|
|14|53|22|[Ag|
|15|55|22|[Ag|
|20|53|24|[Ag|
|19|55|26|[Ag|
|23|54|24|[Ag|
|23|54|25|[Ag|
|24|54|25|[Ag|
|23|55|24|[Ag|
|24|55|25|[Ag|
|25|54|24|[Ag|
|23|56|24|[Ag|
|23|56|26|[Ag|
|25|55|21|[Ag|
|25|56|23|[Ag|
|25|55|26|[Ag|
|27|56|21|[Ag|
|24|54|25|[Ag|
|27|56|23|[Ag|
|32|55|24|[Ag|
|28|59|25|[Ag|
|25|59|22|[Ag|
|27|58|29|[Ag|
|27|57|28|[Ag|
|26|58|24|[Ag|
|29|64|25|[Ag|
|26|62|25|[Ag|
|33|65|26|[Ag|
|29|66|25|[Ag|
|31|64|23|[Ag|
|44|65|25|[Ag|
|25|63|30|[Ag|
|31|64|24|[Ag|
|30|65|25|[Ag|
|48|66|26|[Ag|
|243|26|24|m|
|244|23|27|m|
|243|25|26|m|
|244|23|26|m|
|236|25|25|m|
|234|23|28|m|
|236|23|26|m|
|234|22|27|m|
|233|23|28|m|
|235|24|28|m|
|231|22|26|m|
|230|24|25|m|
|235|22|27|m|
|235|23|27|m|
|234|22|24|m|
|236|22|28|m|
|234|22|28|m|
|235|22|28|m|
|234|23|27|m|
|237|22|28|m|
|236|23|27|m|
|239|22|27|m|
|238|23|27|m|
|239|22|28|m|
|240|22|23|m|
|240|24|27|m|
|237|22|28|m|
|239|22|26|m|
|235|25|27|m|
|239|22|27|m|
|238|23|25|m|
|237|21|29|m|
|233|21|26|m|
|237|22|27|m|
|235|23|26|m|
|237|19|27|m|
|240|22|27|m|
|234|21|29|m|
|234|23|27|m|
|237|22|26|m|
|239|22|26|m|
|237|22|28|m|
|238|22|27|m|
|235|21|26|m|
|238|22|27|m|
|241|22|26|m|
|237|21|26|m|
|241|23|26|m|
|238|23|27|m|
|239|20|28|m|